Order N: 50
Fourier coefficients:
a_0 = 0.0
a_1 = 0.0
a_2 = 0.0
a_3 = 0.0
a_4 = 0.0
a_5 = 0.0
a_6 = 0.0
a_7 = 0.0
a_8 = 0.0
a_9 = 0.0
a_10 = 0.0
a_11 = 0.0
a_12 = 0.0
a_13 = 0.0
a_14 = 0.0
a_15 = 0.0
a_16 = 0.0
a_17 = 0.0
a_18 = 0.0
a_19 = 0.0
a_20 = 0.0
a_21 = 0.0
a_22 = 0.0
a_23 = 0.0
a_24 = 0.0
a_25 = 0.0
a_26 = 0.0
a_27 = 0.0
a_28 = 0.0
a_29 = 0.0
a_30 = 0.0
a_31 = 0.0
a_32 = 0.0
a_33 = 0.0
a_34 = 0.0
a_35 = 0.0
a_36 = 0.0
a_37 = 0.0
a_38 = 0.0
a_39 = 0.0
a_40 = 0.0
a_41 = 0.0
a_42 = 0.0
a_43 = 0.0
a_44 = 0.0
a_45 = 0.0
a_46 = 0.0
a_47 = 0.0
a_48 = 0.0
a_49 = 0.0
a_50 = 0.0
b_1 = 3.5130846937084863
b_2 = 0.1000811488663937
b_3 = 0.19856429085332103
b_4 = -0.1576468153700882
b_5 = 0.12987786125921602
b_6 = -0.10981123848361281
b_7 = 0.09490362072118808
b_8 = -0.08347054008980749
b_9 = 0.07445281610356531
b_10 = -0.06717052425823658
b_11 = 0.061172619659725126
b_12 = -0.056149968055639356
b_13 = 0.051884344249998396
b_14 = -0.04821762985771569
b_15 = 0.045032609210382726
b_16 = -0.042240627394168576
b_17 = 0.03977343470351083
b_18 = -0.03757766034749459
b_19 = 0.035610982166800434
b_20 = -0.03383941732298412
b_21 = 0.03223537043852084
b_22 = -0.03077620391695152
b_23 = 0.02944317487026055
b_24 = -0.02822063374070781
b_25 = 0.027095412584622214
b_26 = -0.026056352738735265
b_27 = 0.02509393623749671
b_28 = -0.02419999537485937
b_29 = 0.023367481769376173
b_30 = -0.022590281198682356
b_31 = 0.02186306397176052
b_32 = -0.02118116313736606
b_33 = 0.020540474675013246
b_34 = -0.019937375179290343
b_35 = 0.019368653565256067
b_36 = -0.01883145408790648
b_37 = 0.01832322854951806
b_38 = -0.017841696012956522
b_39 = 0.017384808681710082
b_40 = -0.01695072287351323
b_41 = 0.016537774222549147
b_42 = -0.016144456408972635
b_43 = 0.01576940284433288
b_44 = -0.015411370844714936
b_45 = 0.015069227906350433
b_46 = -0.014741939765025459
b_47 = 0.014428559974699575
b_48 = -0.014128220784570562
b_49 = 0.013840125129834034
b_50 = -0.013563539580673911
Approximation error: 0.031898423078437974
